  3338.059   1254.617   5732
  1607.609   1805.039   6579
  7930.096   2948.959   8321
 20379.661   2948.824   8328
  6406.171   3127.501   8576
   260.343   3148.265   8606
 19640.513   3320.628   8860
 19639.259   3396.143   8993
 16098.644   3610.538   9337
 13831.139   4014.916  10114
  7100.463   4205.783  10417
 17674.966   5271.601  11854
 14050.917   5743.385  12517
  4432.834   6183.755  13138
  8365.651   6421.559  13464
  2240.469   7014.275  14165
  8697.833   7256.103  14530
  6885.521   7324.766  14655
  9295.130   7950.888  15985
  1711.266   7955.591  15998
 10509.786   7965.556  16014
 11975.843   8454.140  16855
  4262.569   9188.839  18115
 19732.640   9256.377  18238
  5996.693   9540.872  18721
  1758.553   9685.211  18943
 10094.557  10156.193  19768
 15323.007  10438.145  20303
 14863.155  10626.475  20899
